2 3 0
5 5 1
5 5 1
5 5 5 5 V
5 5 5 5 V
0 1
0 2
1 3
02

0 4 1
0 2 0
5 5 1
5 5 5 5 H
5 5 5 5 V
0 3
1 4
2 3
03

0 1 0
4 2 0
5 5 1
5 5 5 5 V
5 5 5 5 H
0 3
1 2
3 2
04

4 1 0
2 0 0
5 5 1
5 5 5 5 V
5 5 5 5 V
3 0
3 2
4 3
04

4 0 1
0 2 0
5 5 1
5 5 5 5 V
5 5 5 5 V
1 1
2 0
3 0
05

0 0 1
2 3 0
5 5 1
5 5 5 5 V
5 5 5 5 V
0 1
1 2
2 1
06

4 4 1
2 3 0
5 5 1
5 5 5 5 V
5 5 5 5 V
3 1
3 2
4 3
07

2 2 1
2 4 0
2 0 0
5 5 5 5 V
5 5 5 5 V
2 1
2 3
1 4
07

4 2 0
0 4 1
0 0 1
5 5 5 5 V
5 5 5 5 V
0 1
0 3
1 2
08

0 4 1
0 0 1
0 2 0
5 5 5 5 V
5 5 5 5 V
0 1
1 0
0 3
10

2 4 0
0 0 1
0 3 0
5 5 5 5 V
5 5 5 5 V
0 1
1 2
3 3
10

2 4 0
2 1 0
2 0 0
5 5 5 5 V
5 5 5 5 V
3 1
4 2
4 3
09

1 2 0
5 5 1
5 5 1
1 4 1 3 H
5 5 5 5 V
1 1
0 3
2 2
04

0 3 0
5 5 1
5 5 1
1 2 1 1 H
5 5 5 5 V
2 1
2 2
2 4
06

3 4 0
5 5 1
5 5 1
0 3 1 3 V
5 5 5 5 H
0 2
2 2
3 2
09

0 1 0
5 5 1
5 5 1
3 1 4 1 V
5 5 5 5 V
1 0
2 0
3 2
07

3 0 0
5 5 1
5 5 1
0 1 1 1 V
0 3 1 3 V
2 0
2 4
1 4
07

4 3 0
5 5 1
5 5 1
3 1 3 0 H
1 3 1 2 H
2 0
2 3
4 0
08

1 2 0
5 5 1
5 5 1
2 3 3 3 V
5 5 5 5 V
0 2
3 2
2 4
11

0 1 0
5 5 1
5 5 1
3 1 4 1 V
5 5 5 5 V
2 0
2 2
3 2
13

0 3 0
5 5 1
5 5 1
1 1 1 0 H
5 5 5 5 H
2 0
2 3
3 2
09

3 1 0
5 5 1
5 5 1
3 4 3 3 H
1 3 2 3 V
4 1
4 2
4 4
11

0 3 0
5 5 1
5 5 1
1 1 1 0 H
3 1 4 1 V
0 4
2 3
4 2
16

1 4 0
5 5 1
5 5 1
1 3 2 3 V
3 4 3 3 H
0 4
1 2
2 2
15

5 5 1
3 3 0
3 0 0
0 1 1 1 V
0 3 1 3 V
1 4
2 4
4 4
13

5 5 1
1 3 0
2 2 1
1 1 1 0 H
5 5 5 5 V
0 1
3 1
5 5
12

5 5 1
0 0 1
1 3 0
1 1 1 0 H
3 1 2 1 V
3 0
4 0
0 4
13

5 5 1
2 4 0
1 1 0
2 1 3 1 V
5 5 5 5 V
3 0
2 3
5 5
12

5 5 1
3 3 0
4 4 1
1 3 2 3 V
5 5 5 5 V
4 2
5 5
5 5
13

5 5 1
3 1 0
4 2 0
0 1 1 1 V
1 4 1 3 H
2 4
5 5
5 5
15

5 5 1
0 4 1
2 3 0
3 3 4 3 V
5 5 5 5 V
0 1
0 2
2 2
17

5 5 1
4 4 1
1 3 0
0 1 1 1 V
3 2 3 1 H
1 0
1 2
1 4
15


